404854214
273845544
986637820
33058868
234035571
112759967
318070378
175709728
60806540
945108961
642880682
203415838
843165185
315284413
296916083
342928426
477579089
14526979
551353616
46620622
337514202
315717403
178571399
243103585
503550758
93468956
744029671
731101210
457142942
296489857
863113322
947058499
218374860
204670412
632696242
715235116
657629296
701386917
210509511
115760244
543728385
74505679
849004393
642668328
689129099
166695923
923445966
816460495
358461065
189979249
68790938
249117141
535133958
403100592
735984804
574957507
184355134
128835976
397885012
894382429
835445184
435462247
662638151
498226804
424570895
560630157
571031887
248715591
637743966
320204795
666639552
5839253
487405434
113847002
889917756
88044088
59449126
34022195
744338190
351471961
275374104
548452118
899881080
17142073
251508885
869045945
296377967
776417087
126378954
321721360
20019664
120456420
696990337
520857902
17443445
931667338
255278259
327273605
906153197
801411828
385417377
429292312
613988674
463667682
639401638
131226445
375484553
961341032
729529364
169654141
454332080
441649452
909650722
853672488
432213076
490632397
486738647
810691344
241563888
963693637
359682659
820969883
438556095
630213531
101434189
60760703
446352089
987845243
432374365
968080593
591133278
238339189
250504155
293815618
645700934
861431733
784891366
952147584
200462967
470900711
888994448
93910600
463166967
561511263
264634778
562690641
483650909
106647447
417089264
434855424
756458013
763040287
691266445
330938900
444566707
929115308
763271487
776841763
367426148
194327247
44486536
496259223
449771218
581327140
365016194
772684230
920500338
690159917
74549476
595470260
215328027
24124546
641771811
125923705
878354548
808236208
234209351
69153146
245776833
20588321
215607364
180072772
268858650
188064600
889266930
704811920
345581012
485810129
22987906
507642926
500303871
948198020
476245395
966392866
201125445
369048488
815524634
880602444
839480591
734294032
317549845
465883080
991645826
314528924
814714766
80978730
737158044
286935240
281972084
464042041
563826871
183307097
372214461
291891231
152635933
599690990
874456181
951709191
781511502
963409038
815190491
589585164
64256491
208017619
146635351
762512963
920913733
737805708
228542903
562987000
201542603
864054830
381793917
651502290
584228031
917530694
327880004
155935316
716091495
869617818
847939280
872225549
377459244
981287692
962464524
524598299
750025600
849473191
946842554
375971425
884859705
403721214
213699593
628202653
958687859
460164492
425466516
702096308
898030764
242256278
557701957
866761612
673279948
384711318
122676099
995352794
144183523
961417407
132968126
544343855
717653217
816220487
906871103
637612721
682306478
327294508
899415234
387616813
286257086
483420271
67869076
929052397
994747271
810934966
848624630
483430981
277831277
8460230
841310429
231153843
607519715
556155351
130908486
251496297
197109277
127643982
292033856
100447470
947817217
603196671
320054302
435789353
892449838
432467938
769491264
488387217
532146027
758296852
962850627
57777047
659420511
350232065
120055360
103372176
285196816
463671397
74843084
187669943
768101067
65870845
625345934
924520487
541898845
840197451
258485924
737739684
897680902
325718388
102573710
377233796
643845731
352460142
258306174
697409215
839472961
864151282
757526317
663717462
935961488
42743024
363831028
356080830
506521492
447000134
29870109
335507767
925318587
262548182
703880854
18748815
330459536
80693169
83380225
152269009
666047927
768922502
829748693
731661875
320494090
138900538
461598005
248809283
373075576
964557185
242064264
568615467
391937222
595553218
426995061
911587955
718716032
333270350
774310627
593415815
219033314
253821800
583670220
986738113
329662861
423258316
413274716
57942826
559392950
944645131
871274358
636832373
534182977
729939265
597463243
638860098
967383052
242537572
715526437
310423588
419018352
8838313
885562853
462584267
133807721
719788463
507870261
877873067
381521283
951052730
623137303
299971309
514311843
267653945
930326555
723677440
823979975
217984170
981434223
689433982
981010632
792669667
723359488
551954538
679627754
439552277
387513731
524028212
813211306
535339510
924857985
341632168
956192423
388175849
685099973
937425341
948337815
251892583
724431952
242245571
715573079
104183283
180800577
276196743
604214275
730450412
932925330
352002032
325597892
165778342
243434495
590405335
303038001
247656185
589804643
327251460
55959715
400011255
714890933
98961176
944331993
398719500
526755056
598652146
38279091
706950301
