140318
369273
387175
118819
934683
472414
290199
161223
257827
933818
833074
236833
270602
552731
751123
479147
805419
799272
317192
319899
273532
760972
305129
635416
975523
876499
682862
118222
962295
875482
218249
140985
202592
991245
827566
412004
638186
134699
601264
123388
322025
521917
447157
697678
938785
535764
126557
250725
898916
784613
845927
917514
559700
839805
423044
845341
110041
374660
641900
750636
481550
926748
580951
183943
544146
191027
548203
731095
457938
412219
166459
924602
855487
428779
835563
846954
996303
883223
902892
309623
457729
901125
406374
397101
929797
230995
460608
796169
310561
928491
768792
820513
640404
734404
529866
794300
300240
884617
483143
110815
743122
157472
769858
667285
376668
737620
512437
149167
726740
928282
171129
303252
217183
396913
537762
994194
252055
418312
598443
836627
342603
741622
608435
765114
527253
713249
917682
810127
195939
984740
847624
326658
337831
543472
205727
806724
852030
389006
137554
298397
566176
929159
444476
938680
626738
832998
864482
239012
430466
533727
961942
409922
714958
307674
493063
933237
379739
700083
449134
230850
832605
815842
817323
366063
148602
640851
708008
456603
231729
453692
201887
935553
554794
723119
660338
946166
854933
185894
490306
643302
459621
209315
115951
676163
885475
395214
538544
244482
859520
291245
482996
778499
252075
376575
777113
731036
554482
346381
882666
371901
971062
753772
941539
769914
514034
616338
530678
128094
524116
187328
527749
244378
166750
204736
579908
370332
620334
507478
838094
413541
935508
745415
204849
536607
481554
187738
489669
721016
464316
434873
487433
659707
505322
731006
416219
258307
107009
424683
696087
101729
719955
544190
722762
748689
301779
686028
220638
462983
394764
658780
720837
555503
838480
681889
831840
441317
228882
220064
923475
160945
555151
249469
176452
547284
616679
782977
491515
133624
367894
887401
771902
252449
652618
386510
839709
430184
919929
106594
113587
995189
235236
726921
512751
722689
602250
795117
422483
836679
438538
594257
148021
506454
940949
166810
765424
371706
267672
926873
417216
601882
488016
145691
107486
390270
424511
189656
817265
866211
799254
495217
919398
637610
488487
990618
503173
869791
757848
745635
960100
450116
247167
559891
161709
126803
533119
864996
464201
539170
503212
188564
797306
670121
391168
505623
304281
161334
323753
166031
268490
201614
843553
160325
123223
638698
897684
490228
148687
586571
360850
456281
433270
671865
860620
534890
513433
584878
779298
328778
261649
239869
471206
735818
881300
940113
596418
764007
905910
276600
798348
362883
933039
757262
748739
276830
954458
372260
188908
450929
331397
483995
668954
774650
133856
681840
703668
163891
978228
530144
642546
907065
187977
233101
591146
813550
540920
799130
368697
338192
187519
804133
275088
572159
975774
147357
622234
422479
728755
869796
529806
546300
311338
847476
394451
537938
491695
223165
948791
886152
210723
477009
296529
277349
272712
420741
937818
119089
811838
851809
817622
144718
305288
823252
393893
365582
639382
457258
834754
340444
930685
361641
733538
640095
356741
111117
147837
402765
376232
881748
977108
167171
627246
782399
777993
303128
760114
439749
878164
112914
655698
641704
223087
392369
236355
629160
996226
446757
863307
336566
799650
317976
997217
173289
986398
317068
519449
744934
330427
347638
815440
154201
532559
727522
501943
517840
910082
175547
421761
653210
453037
534385
596525
387577
209740
817758
911087
144196
803168
818657
852190
706235
479556
626132
317258
435631
332608
697840
661245
375881
855858
757685
749930
621321
516301
591647
908147
205967
504049
946866
683169
312025
567770
748909
456792
196276
232571
385760
660929
572704
226548
935910
215727
686819
969001
240112
595323
637571
839755
141941
169958
273394
631831
906257
145852
660445
623616
672213
969127
358757
584967
505423
655298
601456
977701
370795
604455
948609
428215
368070
136254
917965
237810
292292
461278
884553
736417
308831
923692
478254
545437
262549
100174
450049
648473
591372
857649
680186
834097
321315
875381
393741
202662
600871
600766
869192
442069
380640
457016
238021
280479
636154
152885
174142
224601
889401
271432
932775
995085
649246
247034
384648
566943
476488
296638
916208
284307
683501
268538
436192
528618
162576
955272
998718
699522
627090
548632
240397
646988
319541
812459
434699
655983
486314
808947
941360
782896
514097
268701
666391
189974
555462
533263
973137
859157
117903
704954
114188
391533
411287
571124
779921
721981
228410
584652
662304
467254
895694
138998
355028
485018
927647
928609
649666
935997
390964
690834
510518
953307
993810
888773
793695
295744
733864
872932
272116
223292
911130
608449
899452
784419
103730
629853
831021
475041
235441
234460
602240
614168
366255
785144
320021
887641
266605
143960
356060
849552
631451
255470
618257
652853
928071
786389
585504
588102
856204
364657
715307
601513
331352
163112
645852
628896
619526
846680
882291
983449
144177
781577
898918
628992
992126
471774
291718
247081
524265
876677
817151
383092
869894
858099
635808
376813
962824
784524
744714
323251
222985
687582
251555
746858
434019
792291
637169
155080
774206
471107
704470
545414
428316
819872
210030
308530
294530
249379
696885
632871
501960
862700
322221
194153
954454
454501
302720
676982
605689
163687
567859
714152
980734
766194
335001
742044
678082
699191
571763
224329
512724
791041
235962
169294
487841
443569
405125
435264
420836
363043
782144
238016
495615
125972
768477
348662
701488
725338
510928
304633
107722
902746
535714
713459
286937
955159
544289
570715
910080
803366
519326
370623
969186
990935
166171
773714
987582
840678
360692
555740
882918
128920
502279
137313
144346
507472
211616
131282
643076
477150
787498
960918
312085
256233
987563
476108
557915
118094
537356
619933
613408
194503
749988
160984
869128
932863
246355
452040
197907
403066
155169
828335
381056
509008
203688
715926
649565
647497
660271
686963
436086
164249
916397
406781
788958
372216
177013
435622
660100
661557
253043
535085
727579
580876
506944
241562
331917
879932
965002
950686
564931
639845
862132
652348
974527
287412
688430
759583
994568
912380
150787
304721
164723
135181
808774
770221
247922
814557
663815
358850
700886
353675
160520
676414
605148
610119
238730
380905
919543
266933
695344
644750
777645
713744
807708
883738
888267
516055
294486
843142
534567
591406
457147
619683
941872
679579
563913
659337
781264
567666
844404
949082
841309
289130
294702
735392
491332
628762
137955
684620
527095
863269
797805
498352
244784
954007
511484
710902
620325
857669
420896
336570
977052
300073
449763
224737
257379
921551
206871
305511
832673
775172
586297
530095
131232
127520
741278
879655
501481
580392
956550
819648
908428
864461
449988
836781
419109
416973
418541
199873
613803
315182
110399
666527
803700
793608
541747
415616
768107
948425
855407
393465
478626
859477
514745
147918
491551
771868
724348
214034
638912
942887
797190
886593
195214
103797
159861
672006
704311
940220
630352
127968
946494
788955
652969
341637
427957
946291
381933
755443
735761
443280
752617
610838
978155
135387
676955
890391
252160
202113
387762
731308
435243
621166
199900
771243
779509
703431
636586
224747
895604
449030
124161
218531
367062
133187
910834
335412
655501
855358
302288
534711
760965
186270
349458
368513
718493
575492
489014
465343
529632
346681
502385
521650
346399
554516
743428
904782
886845
131362
501849
500136
285975
970261
473900
879061
227668
696779
777283
519780
543851
639302
767420
795587
227100
723007
149568
360940
294573
321653
585013
892108
867979
631458
375062
125652
209429
620757
649346
115611
456902
683836
212434
817687
420588
465810
267857
484526
776406
283424
800492
408183
237460
277816
692388
104377
346680
352138
109883
992705
342166
813869
254099
227221
396598
779578
601178
978270
778447
941640
687644
541413
569599
505171
838859
436793
513175
681349
204942
947618
586466
108717
373868
959299
936205
651530
881525
575927
921821
327182
555293
968389
423368
530647
268371
384733
134155
958857
874145
152559
495349
998743
522954
627555
320426
994851
665226
795889
485517
787805
391141
847067
960587
605618
932811
367464
582718
612269
860966
587167
587175
330002
945224
185969
431283
108999
965593
303124
614169
393917
948759
177149
584508
148003
204337
617267
359490
684827
488596
167103
985848
282197
693937
179071
150958
221869
425839
252800
140394
758407
721026
722470
658050
531934
871479
793864
329581
117256
728547
139205
782581
787076
624888
699245
142811
784817
856052
419325
890386
268539
748426
504334
954558
753533
780207
165982
838857
307706
343718
600677
526011
819896
566501
860932
203497
169197
356245
469798
326797
180205
216851
364583
307063
927665
462710
971908
997582
277285
761998
782080
576542
206347
876012
386052
491820
484417
239534
828095
661890
927751
587329
637208
885731
808410
722865
354775
233544
546127
542208
137681
821761
217598
176020
122512
234645
156331
652739
599694
468093
852674
337127
639900
708926
537930
554933
799093
289896
370662
193147
822021
648262
199067
820102
426024
419081
680830
637994
568431
218193
945040
673741
537530
785856
570303
320744
617392
225871
344256
888174
729764
186576
686737
651948
807536
106346
609664
131447
961282
952351
175476
276634
400709
757252
940253
669213
640608
945416
869979
532837
730600
391692
971552
444427
884979
304439
899837
209548
443800
277934
326361
373175
264942
984714
446766
412572
575626
101247
362488
758253
626835
130589
649828
158097
500650
660416
550447
338670
989664
547365
338148
927910
257754
620508
843384
418371
333017
855036
766778
856875
363619
686148
955691
321131
615745
969441
241891
518346
977574
197457
198613
245420
561753
213960
127670
736698
755027
790020
464480
664485
570760
580026
949569
905864
999792
801348
901879
403563
619179
680383
163600
359167
909830
496856
115121
555584
410178
600284
377234
878512
666700
364367
194780
723444
452924
288844
708823
443437
522104
516136
126796
646590
114291
577831
326715
960888
769734
444838
725019
156536
154436
827638
890219
247258
978580
411589
739383
520438
784631
257726
145968
794169
720290
878549
521129
891141
541471
286860
575355
969968
223119
556342
549038
723496
422219
398716
414745
112939
877455
785995
994898
175451
638744
242808
945397
387954
826852
654170
477582
315424
327251
780855
625137
695546
554070
628310
725955
491906
773752
983088
276309
701932
983757
604257
265565
204273
409030
729920
171889
667628
194666
139644
994562
920721
985250
119470
471968
594531
922253
111761
899952
976377
574625
434322
540918
969818
488527
478666
268579
294725
757830
709480
273213
824879
211911
373205
473816
502648
953564
579437
322258
687190
885605
765885
795688
875922
321187
380654
826498
934716
814836
305113
876106
993538
294345
464208
863911
996786
188042
190719
932612
161897
602467
698496
365547
770176
372887
432033
605361
105837
237110
716953
776734
175170
858129
428797
493617
602204
267958
628833
207398
899964
178908
388010
238425
243902
581263
550078
226969
429264
296446
901881
683816
887380
359720
290349
392352
113496
456235
405848
827673
602857
535705
719344
867595
911413
798305
134983
299261
462616
542406
633381
280248
811475
472021
948747
405241
171899
453549
862584
595649
579306
716003
746301
656002
712360
265476
168506
942576
263921
223179
808024
233343
756656
922229
175064
695137
429969
422973
261528
827546
886939
516645
192446
970787
339330
865290
524159
686440
299726
139188
132674
700382
726500
988458
498065
998911
991715
248988
550844
640592
418817
318465
597795
957841
766142
531246
372669
307955
954568
606402
914555
421350
635475
868017
819242
804404
928589
946524
932230
495890
713632
823416
265732
402126
646936
687575
630544
133518
142272
703068
236464
691313
738275
394131
105205
201572
683457
661047
126024
602563
290184
191965
846637
248675
841104
179440
955702
248626
233272
518755
494472
989080
654148
218641
401936
499176
577038
187819
118729
615676
568058
522788
511011
239210
132899
857818
787563
555406
638033
200234
444381
103968
688015
202770
827841
529202
959663
443717
279693
520445
982691
536616
487659
417738
351553
348721
303527
628269
744404
769827
978083
738044
778067
816609
167158
545943
730264
737348
975833
308173
337027
162690
131095
698232
537150
519583
155657
685417
829165
556624
384163
384079
520434
715188
634861
209134
864695
114253
717825
703280
126343
786512
296531
144407
353015
584739
900590
229613
139356
332350
911460
562587
152581
252833
865176
126558
477772
730949
332675
884262
869922
461864
334977
934209
872849
496630
542166
739758
713209
702187
907177
956133
252484
398597
589517
541164
557830
560146
929757
354281
684782
276569
499277
220326
326854
688943
794782
188218
856505
412335
430043
105013
801668
121261
240707
496930
319036
242064
380806
559657
425601
452143
865346
259635
923714
270768
829608
355673
902183
125352
563477
742523
299013
427373
939798
817488
354044
115834
960668
769154
155179
353257
334524
979094
100332
457978
254900
174911
336266
686933
755539
806943
723373
996173
207363
525944
638618
539272
713902
642925
860722
809452
273707
195415
688917
582622
626356
171825
992014
120699
618588
147041
306831
298673
944206
296609
966356
327851
441693
358773
426525
988846
993258
289329
331008
690873
137591
571134
333816
213545
478758
891397
514917
865100
751614
642120
303805
884635
637812
278577
140414
386544
947751
939276
415958
343660
355425
520215
272170
132135
848645
232737
116571
337441
608549
279834
538901
170919
213150
646729
158031
885314
933650
680892
305331
911110
763867
751155
465969
714739
937780
577196
536112
926721
816307
768086
921422
633778
627622
474217
220040
676495
528247
614874
168727
905867
360821
232266
546507
161904
416580
613142
763791
779209
197149
684590
999254
754710
691650
578452
721784
988124
363104
152946
339174
195765
467615
782338
826873
372441
499798
825180
308810
917071
715965
343300
336952
753819
606850
803056
408461
291996
819620
478636
346334
625993
160697
508843
200279
551527
978462
511620
439495
744094
411781
780816
195485
612063
494816
991053
922414
419636
490393
264779
928340
975118
991018
608551
278209
307421
390290
590994
541425
588280
675816
933782
828835
606769
441070
983979
698912
511795
779680
374942
677542
902653
260980
863075
832274
922284
779573
296228
712474
163054
169297
689615
868281
696116
429745
548335
895146
338785
355099
602937
447781
841938
348746
726363
450516
508432
771763
505446
629461
231686
707422
801199
275896
113613
625437
847531
718552
695474
959868
221953
742473
485896
351533
281581
933063
415164
579406
137718
324459
122760
822712
668703
775692
363078
458494
784427
108450
124232
781311
813493
808169
211408
743761
152612
994317
265034
729206
964574
779899
165980
585307
120319
837436
428922
407480
804914
222069
593919
919852
871754
501284
740508
750218
498399
544547
814350
886148
347444
561674
813315
655245
818430
279822
577319
229940
125128
434271
126747
755790
977982
923025
601888
862473
738784
380304
340341
994721
555509
996130
159759
350056
844776
744449
478851
200978
469977
221653
402026
642776
755756
365443
515492
110922
324818
687237
173597
692948
182304
423530
653096
217654
564969
757804
668845
161060
168688
407356
572607
136886
199553
478701
495187
276022
948784
946127
242359
167927
711200
691537
645863
929158
703242
420252
958831
699737
467595
837902
309378
496352
161244
218419
217680
968383
886406
486176
705095
541977
209636
301769
270195
169009
759397
410003
706258
560366
306283
178037
679706
414561
386653
431318
545528
317087
666521
635856
821895
971940
638791
995183
953869
159221
642182
348762
991429
139709
548761
741633
428158
112195
772259
749041
439692
533307
554227
499888
557798
262160
660769
363947
651014
452771
124486
821612
984718
571042
181366
801816
898240
413575
917373
933737
827773
940777
482641
604602
337994
996564
475638
520164
714109
638952
945706
983498
668858
419072
388255
217002
180532
571217
459395
639136
513007
654939
754109
997527
818450
919342
600610
723100
618965
783703
907657
755133
459307
533544
575027
850753
199420
682136
596664
143060
567545
620020
537211
502018
873896
789791
642722
704952
871601
266572
559311
204116
756651
518721
715074
911763
719634
590814
701907
870475
928804
398799
405663
235769
100753
208723
663122
273757
652940
833643
894077
917729
906919
575698
148163
103812
439428
352233
785920
474194
176725
237148
377644
809052
970927
440106
144374
513679
762896
716672
556002
487587
663661
723842
515798
685911
117949
566788
432526
780530
738802
581259
415929
340093
525721
908977
604818
188363
366214
592482
441916
565560
481264
906288
916571
424146
649681
273402
502646
247617
728674
411206
506955
541342
629267
523529
787634
500600
993951
476414
163775
760920
491473
156482
649266
364808
483034
946372
121639
471448
678624
187678
278270
102658
752348
558707
687457
986365
600718
703344
570472
343548
810609
952741
680918
839833
106703
435392
196546
233278
455634
532256
114874
267479
191389
480228
873282
909138
588343
226237
127111
406457
522079
206879
740752
925828
188658
333991
721675
492411
358074
784631
930011
455969
197993
217963
908879
520540
818611
668798
876795
567496
788946
152534
112291
151695
666964
196696
763497
197687
989837
250006
312672
169539
890547
429033
850880
166699
353259
594223
846450
802597
632364
586751
444750
403891
753531
833464
579885
715147
715583
271847
484052
172822
584570
855873
417637
549654
841683
163382
390242
838725
397931
601466
126328
328265
392943
379430
537494
610204
754084
932852
456305
865308
644961
489387
783458
203556
498179
382608
187151
187368
853169
849154
251854
308734
598117
536824
435601
965889
214502
517299
986676
584508
695037
166957
196820
221700
995036
758315
252117
964043
302217
718348
943372
324899
641792
627545
266291
525066
241818
600538
131260
836854
486884
304406
310269
528745
262553
995972
635314
608940
887077
415976
200004
828001
854323
614682
345455
452601
962222
152872
627572
585530
249062
879340
688422
198752
403353
254716
731407
837142
252066
183304
563214
127631
572180
788824
399183
901887
812271
403409
727447
201992
252061
936332
714930
184361
588702
255574
993974
441643
402569
792472
675814
892243
771077
201214
444539
165651
422734
448012
926009
806530
671743
312065
173496
338287
711650
447388
203611
209595
941042
741713
559503
303429
551479
614891
920493
409866
140464
288352
397031
218002
674136
933630
973211
987328
601907
123884
162555
535049
868627
118962
292934
396317
553102
923478
442809
786999
961292
928038
442268
642870
180789
824191
890987
703990
880590
414004
485478
546529
129520
960448
418087
980640
671995
946082
327587
246680
281024
409402
372430
785356
461260
797003
148710
836700
430589
788591
923790
769777
604268
681597
378787
805630
595643
680594
176608
602282
831119
990910
678029
216037
931689
641435
830204
572550
406612
955428
276336
566201
660158
763672
560183
962655
464128
807488
932327
957418
554813
774141
810345
578808
116552
722663
523908
950244
832252
228479
755305
593481
799166
130416
213389
907503
542843
551106
174979
132745
412972
110289
558168
605943
190807
447589
948526
467920
721609
957508
318142
228472
496193
671846
285918
465493
277445
431658
574331
533005
511503
590298
845591
338653
262638
269481
565312
252795
716661
336765
604848
434760
442044
816046
592881
303464
512910
156148
432265
810479
910479
276133
690486
676347
625328
704994
862662
861839
994234
628880
786256
313801
123366
455028
851548
911783
832666
389735
693882
167650
788666
473457
907764
510573
235146
175681
230416
659865
150930
602406
902949
698796
525037
397981
687307
415931
258394
623406
733825
132365
560075
960054
667754
763825
148848
571744
334150
101768
854800
346610
571872
915220
611785
116020
844648
828224
473777
572156
709061
432240
977828
489240
891672
956620
253439
908788
840709
612921
267709
299405
453774
476369
249562
101209
704955
919791
464085
206538
867451
361096
371323
324447
323273
847915
850475
396598
924446
316158
247044
417598
751549
179703
650733
969895
657449
121812
637643
161096
226250
707419
650204
861413
943583
767297
844339
827955
862519
454969
529424
729984
159224
695408
790720
509924
795118
406000
138107
208929
360376
908160
903951
809277
416379
963007
285438
938141
647114
667851
638585
792056
587841
810837
987606
279423
995806
721707
635302
655421
572390
520100
187060
261684
585056
706450
445900
171585
366503
675457
591712
574097
842983
608441
115663
428741
237099
378709
702601
915891
339612
686100
627013
388340
482522
697216
833917
907996
428051
908474
589873
742246
292575
998894
654899
105415
513431
888963
352791
442690
636150
369652
340062
709430
992765
187010
977272
507828
464887
911918
599654
698350
775659
598286
668833
495134
547640
390571
484071
881006
982464
431633
265378
850424
758104
136643
605367
412101
376668
485095
110921
418609
482158
520931
413282
656646
158072
355556
665871
404590
140147
673243
647203
326207
353987
654177
676437
234819
184060
419960
775954
437839
958889
161576
224428
846422
418078
601462
543686
844133
964287
369209
208108
303146
927610
209486
185051
315087
810124
997108
890121
279390
645607
341626
298303
470137
979818
684641
180661
191729
550753
233856
577642
239520
956012
357630
210039
115966
977410
418952
798188
975986
212806
895439
234251
427335
195248
361533
266223
290256
913860
282915
371544
829063
928665
465960
174381
680340
177962
648023
609972
329604
319392
836204
828281
127449
312782
118166
590179
753662
821498
535170
886600
947494
243120
458273
908576
555471
602838
246343
602080
235446
819614
844437
812118
682760
866812
582597
994479
254091
348624
442697
475947
344831
143302
217205
530525
891952
915082
684783
457239
419564
241429
265569
928631
402586
747516
469445
829920
622928
423308
397316
123879
441407
540367
934017
817540
792955
209875
563690
414621
748197
609951
828261
318435
768486
870743
221812
616426
352892
668646
100730
538248
407925
577183
537748
732143
621900
263157
120785
629810
986905
182995
848540
439134
981441
807757
928838
903268
314023
884628
509439
823203
162319
505244
311421
870843
222424
372096
838055
653611
239143
466073
302180
570084
123987
429495
751442
754397
702049
357836
159393
447531
998374
421451
996975
983301
875185
625026
165407
385530
435341
202832
212403
708531
389470
423543
331242
882757
156457
668502
573798
645317
126941
403178
848245
271224
727672
118826
414086
531909
887342
523933
702049
236151
685237
345440
760887
455364
911334
406971
533119
261800
983214
202162
526705
564722
726078
788060
554134
802089
479096
577654
367584
473358
582266
271358
581873
451450
958160
439400
998855
810406
743830
242655
570785
767028
108044
928578
783283
280463
907404
110319
664897
785778
692693
457195
387978
846417
459609
695667
410884
880276
857037
209438
666017
535952
131595
744213
201389
259491
812705
172827
700853
975423
557606
422101
131243
127945
526826
514517
804403
344249
994816
677993
886027
238432
373138
790481
277293
579175
474476
337574
382461
689967
718928
659505
956157
403529
993587
747566
842425
111394
793892
201824
632965
679422
882379
817535
286390
268050
145274
270074
351751
880970
120215
270531
781549
570142
968836
127685
204273
760164
113816
333626
746828
580109
613409
283233
886207
142580
344893
331054
659323
233195
994846
992065
577201
162681
867024
134148
673611
384652
633565
463078
486695
574163
797169
721800
924534
101628
930993
226881
759508
674198
976269
721543
949253
923655
639380
169359
426331
821964
219659
898251
991746
196775
377624
272110
852283
314547
332469
928809
639549
615476
627442
242339
701215
471828
317504
733726
789600
418581
893337
130178
875351
390821
693658
174959
175474
296864
129290
441406
303800
132863
429090
995507
344273
236952
218792
785974
215509
570456
890480
788082
312490
674856
766960
188278
172381
701691
570001
617705
941515
684893
602206
875465
561326
838903
500688
932732
229682
352606
669604
371980
260414
272225
349778
354983
889860
946688
242654
841985
362215
926021
761896
687456
464442
161553
728166
941403
320605
897669
352584
614607
684193
536627
217330
104618
881080
535473
546594
915597
776418
223817
194154
863105
644591
619376
159125
760642
757838
404928
632759
679054
458361
377164
547349
300816
191118
711517
597328
348186
587646
275330
592358
274351
339038
895050
756297
380816
911071
730585
748547
121994
415461
289439
647944
920229
119874
176593
954611
548723
398748
244459
791889
768568
780867
466217
709543
822363
721555
330244
337722
508223
900261
382697
562586
957157
950471
340444
360931
420964
996741
681529
401738
935637
717093
642528
986249
389155
821376
813675
959466
459645
146992
855666
740360
453959
806267
733175
719444
242427
559801
226539
704377
358175
123978
549537
902256
902807
226303
790998
499197
331092
834321
886046
785132
176592
681695
692271
156773
797723
736883
424258
743537
686243
252449
856241
996907
651056
235918
572971
251052
196200
558278
420444
397540
393579
193226
260818
515392
782870
467323
289658
230541
477841
140511
318144
450504
204283
773653
193329
334007
172671
869892
950871
796350
380546
297755
500892
623389
206822
599166
531524
378887
535729
155849
652167
998629
981879
572576
736997
983061
876748
828585
207769
901311
614442
137249
263910
618663
269902
373607
259175
222124
430801
325783
344222
295233
941420
427489
534707
637726
818361
963397
397959
610013
516053
554063
489565
235012
762676
970860
267265
117461
715890
434611
670534
636490
856694
308249
663709
684013
418104
179860
707747
563369
977934
411729
434055
361548
476021
428959
839138
664589
140481
448410
381445
122523
849971
927111
166639
336007
680482
990490
900786
686314
723780
456142
509787
564597
308923
381071
376557
114416
276601
199913
745584
675582
209784
749238
668887
538193
273072
213179
457945
868331
691407
848520
506383
419075
902449
757606
417971
587903
827995
104460
849572
709403
655922
418304
328777
199788
313921
936139
289970
703510
814543
330697
273557
404459
462469
350985
435130
526963
486275
255574
589986
372293
339470
215395
344465
945645
289276
393890
805234
767107
208414
800704
359764
419756
113620
879468
668132
297780
804775
874493
183314
126403
790876
848122
951734
814227
479301
808135
128694
537694
394451
869974
485513
475181
700963
467024
791086
648728
586311
648736
103041
496442
450318
314644
468808
263042
945593
468035
991123
100155
396434
181153
360142
424761
961972
958681
574084
373576
365582
380301
442467
388448
159298
451589
848359
606713
534107
728128
948795
189083
889384
394898
833863
885555
532472
786279
644374
314439
396053
998664
348258
968921
950078
514980
899954
420785
237450
287839
778340
232272
343637
209866
580234
438060
963388
349586
529968
895139
895385
209488
801804
411889
651045
742276
274402
441772
620093
238287
417753
735132
822314
623473
667628
441776
750453
104506
270501
678716
285214
201059
715941
641395
139864
409773
188305
222400
667066
280391
992060
587591
772379
429100
735259
606358
328643
957838
390165
527489
216270
108299
324005
696262
895000
365149
699791
776496
782933
907569
149405
708048
261577
947809
390560
655667
650923
276408
140470
582337
832624
744736
188606
612458
998236
191157
197592
654031
300871
251546
135622
621267
175016
896066
566084
346350
508659
820336
819423
580296
475404
548147
477927
900531
216218
775765
706075
698145
574609
168017
435337
744725
250254
327219
843467
951335
412279
881294
450050
417471
509337
703166
646298
543880
504158
240978
747954
497664
460055
866358
686105
874227
502739
345128
823643
221300
436413
286856
757905
371761
145694
324815
535731
798640
656850
929933
827695
933589
968612
841733
412132
292835
237465
429055
334492
222637
486459
461813
270436
790078
300499
612153
637200
835117
430920
712875
888586
847291
285918
187380
339169
307347
132407
303841
793960
932353
258727
912553
686569
607849
652718
191939
502892
101860
685979
794460
439798
988567
234665
229367
820047
672694
594187
482493
382900
548270
689822
828434
850415
469171
595717
705189
778733
151877
702736
762513
158535
157443
436478
739626
187709
698524
407554
334311
249365
754668
122865
732644
333478
491236
655229
496116
340196
459201
392342
777305
471757
850988
260141
827260
859976
242007
310501
445282
714791
507925
115128
749555
976454
167357
889402
481584
912983
835082
524502
487860
197224
322955
959309
849536
429619
442590
535809
937713
598918
155564
645441
108892
723501
344672
522328
872409
302647
251807
839601
601421
995605
832451
146026
997261
305488
161685
215575
496040
584079
883411
498784
761433
427617
185540
457355
581486
204376
820770
571972
374862
464471
493845
258485
368039
699184
611539
128810
923388
193214
268329
124454
857711
522436
608695
562398
294538
971875
868973
168370
190724
324652
313493
809864
964739
812330
998353
143617
624923
168024
626327
257156
350651
311492
803636
509684
805893
369933
810733
214851
628010
291647
259933
226282
261184
992961
144389
426276
770129
179449
985280
804173
239940
377975
582179
506745
960488
487331
957616
398879
309697
910106
501942
171391
824435
295424
475635
945232
675591
430415
347936
852581
528229
431126
776027
528733
967604
231448
804659
772168
115736
901419
873593
292881
849873
312723
950038
886006
612143
933089
859728
467920
548580
340787
541407
335627
345649
643012
773152
284197
350565
299266
479290
596984
894392
798127
733799
498814
726044
845331
849967
716748
355864
482138
301872
189316
564481
741867
911934
901778
237515
680872
558033
347844
739152
959567
873776
826207
811865
255534
755066
360002
880790
785897
973166
918355
307546
892645
213843
870754
113902
643628
290206
992540
538888
166517
346979
442006
488849
134733
674300
786985
464980
291434
586581
248553
217261
673916
158980
272695
945673
116619
679227
999664
365678
603972
561005
378536
831977
874551
686266
268236
829414
269572
916418
412223
812445
390275
647694
873663
151177
249716
721321
911139
784247
905370
833834
794104
457568
695561
890200
131365
985996
102778
141508
636980
430480
307297
575617
697343
641125
385240
829616
483174
398704
196541
212614
485974
823757
297800
514258
859578
150442
102624
799175
309968
137968
940707
242534
142734
481754
762118
914022
846981
565297
826272
381241
818186
551930
748326
643506
178292
240612
509579
115167
643138
756247
176658
587883
882609
481693
611612
661326
754311
642130
730968
266997
215206
284698
292750
779065
193839
402019
669128
658254
396105
663184
716668
663755
365014
372294
191237
204780
249825
789176
522297
336511
398467
216723
906335
435262
116106
674346
972294
806527
211997
803830
899706
919812
437149
827787
692834
939030
819523
738635
158411
162597
193269
623292
399500
260084
683064
507129
865982
881316
169933
413526
133223
557196
959076
110834
585733
549978
648584
619123
816757
531407
189349
508835
468842
392746
445423
554161
872347
892560
972602
697466
365968
472362
594855
284333
312106
571442
368502
562006
552363
868168
208238
328767
305353
898304
267080
333208
409575
903840
144051
276481
142074
907695
539916
648358
474853
219962
419938
283661
948546
893164
387317
795155
130421
280236
670515
603835
844787
798044
982630
135010
564997
247941
696760
125401
923873
109884
212285
503227
136901
947431
459422
926078
822294
483552
995609
730268
554412
435938
969836
430619
316390
759308
285663
600958
267831
158532
139114
916703
387965
180497
330531
487433
458974
931108
975222
923250
659070
944449
610147
872248
907456
769179
304132
421584
166561
408176
542957
936596
389225
287665
713827
973649
108553
710303
995934
196653
216323
338578
527575
913728
367272
837958
323579
558722
144599
737606
152333
683277
513565
578344
614486
130766
726719
278112
402672
157419
134379
929591
194720
473721
846428
941588
353331
566007
545591
541206
498495
760743
585248
895098
840389
830564
276229
626871
211590
538676
282964
959303
818949
264338
708189
920984
449873
977794
284019
138678
602030
714415
414583
165424
254810
265713
820341
869320
908004
203568
911424
164586
553689
210916
814963
501227
846401
238412
681690
566591
845499
770344
374117
811403
357928
742346
956019
497393
681316
143072
376732
376019
877748
874451
732260
356648
986963
602445
448997
453764
595028
584493
439622
106330
929630
176001
391661
581562
758977
444705
808486
510701
953421
481373
757786
637415
637270
229833
578276
880438
704393
464439
670423
191414
573549
150026
885453
393631
679385
307298
251060
999960
571783
956109
357428
413370
521267
908516
397233
708826
535785
437386
233353
921097
721578
863953
774243
109378
649923
569319
653251
545097
363945
501637
765580
489986
392941
487464
475185
960867
454079
135064
185822
952232
668226
414818
877188
473869
592689
969523
257161
621274
219809
977521
846334
945553
440509
226589
967218
554362
160130
838890
472603
844482
923853
224496
635794
676110
753653
799038
634252
158014
403974
603674
904507
221248
998319
860996
781288
859386
743955
271940
777529
687242
755233
178814
686467
956577
653004
968077
438468
903405
383146
112579
215729
176214
264241
993600
555463
113188
842844
143692
714616
368944
120516
208389
269693
602018
530189
356915
497965
489075
145618
483632
485382
881366
627134
733411
700924
378624
772873
695106
645723
706874
994221
415027
610782
472810
903379
352840
157459
836112
220519
841960
374633
148918
674810
783320
392251
522293
703270
134113
729403
700133
870845
292841
745897
625107
150410
566726
834858
492945
760566
305571
229310
702461
904576
559031
570282
230968
123277
291908
294013
351952
953611
177028
538869
661598
565426
672026
123496
636904
479244
688649
458643
749132
245513
701341
420591
200281
316184
125716
593413
204615
624122
251470
702896
346200
323946
780797
835440
849908
351829
986993
609057
680249
217619
412560
995279
197995
964427
397325
852527
592813
890454
509497
320295
456858
704386
231249
355149
994407
446588
488358
492710
199863
488790
895373
365599
389912
655210
399976
262089
395936
461188
303349
665345
417039
101703
769426
145838
149632
430100
984505
869525
784662
357154
506295
917542
293063
410724
706999
658326
676178
518391
938453
621308
483912
194621
451766
771180
954300
149794
110311
647357
745218
951815
579508
281269
182898
127925
157397
488361
558365
899671
222232
328885
375190
106225
992524
489475
540165
771766
385479
352817
364795
597628
614306
277492
546241
373926
266897
565294
578622
426528
418725
672630
933899
511166
723314
914593
721091
273280
127172
151412
473548
425279
746999
634192
907109
337598
235325
182601
599741
504536
743028
194821
266670
959321
412765
295676
718160
700674
799510
223170
473920
212385
473388
856694
718866
100675
662154
753678
986934
218702
622163
587534
733901
140924
533137
120955
360920
482622
992511
678580
924580
576316
231745
409137
505276
753732
855986
658204
623732
826035
879580
433771
513925
775203
546704
654329
989296
571093
220382
126635
826969
130839
273497
572433
611392
891027
137004
562056
966064
488664
800546
179044
347282
331671
650997
857327
189003
267975
852475
779243
321927
350445
979586
282364
791826
620798
596267
531675
141836
613321
387331
461753
876129
182352
996240
588050
904513
509705
400711
712212
163490
772590
983738
408704
986652
147232
897094
527161
488150
579319
785362
868636
500102
716415
435395
336106
577976
340105
303266
327831
790788
435932
772795
321004
449026
879971
929431
957085
259681
337878
812848
844830
753569
367161
471008
671720
540509
518560
578308
937597
990950
883705
532933
543207
323563
811356
409119
329873
384234
460285
810508
431557
135693
315811
840878
965716
331297
841840
617958
622606
110433
737760
387353
424715
820204
533375
911224
503999
764436
207975
111275
246870
162843
487828
412077
891489
602065
499142
540156
256003
837673
310516
311305
467853
464539
992972
833423
460229
579940
683693
798284
190551
884405
649876
538339
212675
122183
849861
747067
810161
150125
227763
781712
527056
217014
943327
984263
781535
489834
667544
775874
756833
312693
731512
542455
412770
820210
508385
269794
920752
205016
658640
173622
420400
692144
204495
341267
367291
916935
673679
848331
401770
231135
419754
885361
588155
307488
647518
763439
380487
405222
899652
551370
478334
357319
598301
793571
662384
108857
184010
667559
596037
201016
625013
790943
875382
919842
815436
682660
834875
885306
979706
715842
800516
385696
728694
365088
219749
658980
536829
840052
110709
739824
710108
730039
323772
700848
108773
374222
311748
148216
154434
266049
309309
478205
721816
544510
503251
992642
146084
699569
139407
363937
821763
927223
875077
547016
471670
375545
724340
632133
316653
226772
384015
580692
177485
557141
165524
537958
385407
432582
813848
436073
106298
789496
387049
239155
318181
100108
239059
833577
526832
596259
170493
992189
667167
147828
129561
891110
295480
854325
389994
695585
442031
783198
167894
451934
900406
844968
132735
775841
910588
699192
412220
661336
101737
799592
894928
864384
811316
600137
291908
228732
553316
898753
498817
289501
149254
834668
527832
259145
858345
810472
718063
506450
919866
709530
679201
894339
283354
104402
196011
375757
424716
478005
888237
758463
763205
317706
578556
806420
612280
418708
659510
219783
382439
642866
687530
912717
999746
702676
421389
408027
880661
320128
754723
605382
530968
500917
708070
193700
320169
706328
209289
745479
392094
968716
919280
379462
943066
637949
566884
873258
492879
904074
456756
507648
837582
727774
488064
623999
344827
121011
923135
740732
997237
746878
499719
202725
361991
116357
367182
231006
464395
449704
407022
636545
575418
567977
232629
367767
811091
399121
605107
963623
713953
704716
917522
308268
375815
128828
724623
894866
905505
895896
384066
570580
841103
702830
975630
785883
334985
124953
849102
759234
630277
721594
185160
305714
831684
162902
846285
779250
816287
282335
771823
783138
695107
841398
572613
659408
503934
317194
375226
147483
401837
225752
165939
419632
142789
595014
682012
627615
155325
448949
870808
227192
250537
808324
371046
225210
657245
365956
488549
582037
162077
434536
270028
618357
724230
786594
134748
947407
610285
530458
834779
367768
861504
708800
339690
975644
652695
783196
190497
796623
626653
744209
645571
214570
678338
869825
472557
254688
804686
288261
758184
143520
772485
398734
719979
296339
561179
629840
515824
132896
318847
981460
909799
195519
443396
183621
872156
426460
502581
327503
779285
286701
200621
107891
830048
545116
849628
922448
385183
170699
936534
915768
758852
998591
117005
712011
270060
734635
921865
931648
922933
633617
539351
800606
924454
286194
341657
554313
519651
914003
207324
716934
150780
896125
528905
793564
340757
585908
912466
197424
554574
788183
421480
472803
162835
896107
338351
498929
296980
925837
834935
180609
673479
848348
307875
882880
349797
804991
495939
375621
492536
773025
430169
214762
804251
433806
777712
241081
512303
776948
372789
839777
987261
824654
862332
775709
663248
801453
283893
722238
537373
179788
170203
401443
374918
275558
512533
736019
959107
404253
238538
366385
792924
848851
366166
694091
764216
445061
206725
573846
559804
655586
189934
948056
672785
341914
304432
138149
446973
826865
268255
129527
984273
284021
491498
159801
425212
678764
208966
516381
246437
234495
600083
785401
700612
432510
273513
917436
408500
379737
484647
170679
402859
524608
411930
255831
203050
975497
200611
619507
429383
398097
925317
887834
443953
183744
681237
170244
338347
110082
718441
837980
950669
996331
546669
699794
213399
629090
857140
925131
140034
594404
970509
152437
615399
109628
893177
976909
975038
620564
474594
395887
176748
338677
856866
413768
303736
563806
538654
478221
381849
270982
644100
941302
717947
495141
627437
569573
409048
210643
461502
828826
697987
350607
402794
722626
687062
460108
203078
697184
158021
487465
909353
753448
426057
247063
454120
649131
891409
385894
865187
549405
239564
518827
247069
230414
381370
324664
367052
543438
630625
901581
406046
603737
231047
629627
472286
109818
671632
142283
574461
579647
342175
238975
526235
326104
397350
232521
795917
715701
265025
229621
753411
910941
907017
545043
946585
829861
123789
667795
676646
454016
200308
556649
155048
654036
511597
552337
535344
892875
189486
982161
749234
388622
598999
872715
980266
306629
555354
773682
308811
586446
112414
168634
851387
468225
795256
283385
139781
583473
827974
984486
429828
917755
292793
348253
862572
479391
197036
745527
960520
335515
983263
729695
628213
714497
994648
187007
745599
995750
569676
789366
946643
139103
373946
473081
604825
187878
251580
368358
487229
745196
685034
689783
696140
700900
343321
909287
235769
626123
424179
712068
402063
968240
806123
381488
753663
322288
142836
349726
843878
999280
271327
350068
899985
846946
483504
772695
806023
626705
382477
837545
259147
780193
846586
377056
696548
565763
233531
608722
633275
422588
118911
906515
685260
655991
945459
452519
798233
617631
440103
435196
833149
585018
916922
717811
659288
293727
190617
377576
459624
514261
837878
181987
684623
376722
420325
401184
397270
167999
283724
617688
881050
774140
608099
534882
980835
741676
507252
517561
909792
478281
525942
935387
670748
563005
213666
464378
683614
149457
836590
937019
819761
414562
908770
484289
251613
215483
322674
870329
974639
310899
493185
273377
863820
714172
376301
922030
320294
503081
772603
811506
609092
309685
126554
938577
522453
367278
919075
903863
658375
573809
983292
305078
347124
357095
163645
567209
209722
650462
798162
523727
476418
924324
694248
774480
211889
894049
935268
749661
336889
472760
951067
792728
138765
742541
927407
205959
965998
702477
232126
448652
473832
770760
390722
725806
138323
832043
696579
703105
916193
837936
499043
798540
384649
417129
882707
177731
123527
629429
512989
453317
375074
820320
237851
204749
313296
655422
441113
279096
477405
109560
456857
432268
742326
208633
922309
787281
505178
797989
672280
364973
629286
633380
952523
716341
847734
617774
539165
677405
244801
335167
208426
148287
661248
244974
807515
241731
994404
831925
449431
836917
453002
302898
274394
622227
710798
569524
804931
441617
192430
395505
268714
933564
241630
795079
104949
401896
375729
857237
831975
928473
664548
504608
373643
322831
325835
926438
203723
341529
840429
356662
766514
305220
362422
836724
180246
389966
573035
489530
742172
871955
257833
875882
371305
712477
104925
902393
872685
961230
977183
177712
841286
696007
783321
537496
369096
161672
916967
241705
751529
257402
238854
794677
911012
286990
191204
218495
119487
478284
150081
765358
235292
323508
260715
962485
452578
548690
683310
371618
495218
784529
994138
932413
103153
122409
717527
434784
917364
103427
266574
517628
331177
494512
525425
223848
284515
890182
772997
204793
229544
577323
871196
845923
567430
669741
577213
135979
383227
440303
159507
135926
885455
521693
408878
640020
866296
363038
812708
324530
430766
720447
118154
234690
339362
420300
270015
455624
377736
570909
492543
124615
488607
230303
473890
899609
708195
158318
766284
783483
585202
588641
248801
767214
251292
309138
854195
395722
988993
191145
520403
809750
803171
752727
373154
890050
792519
233192
999514
399472
225520
694811
680140
267640
723515
212830
916677
462835
884643
143833
363676
777791
575069
783984
603658
345837
290715
376217
982697
336857
368039
255723
873840
575072
213644
585153
290811
513515
672437
249509
311448
997018
177606
536596
836511
507383
558244
877214
339788
944832
122195
105687
710326
587440
693063
556588
264241
975137
625750
252836
118862
921967
971350
309799
605134
702737
430777
988140
652410
554393
214478
875191
626342
981957
480215
368136
328943
938802
593800
729242
691339
829682
427532
926366
181387
966585
284350
299034
878926
711050
902715
987074
806608
407290
206558
368882
558455
324472
416874
114568
874653
465881
954628
705427
262635
539351
820272
585140
973851
222065
916287
568682
471341
344892
929962
967730
326440
839765
342811
424105
534693
635617
371524
345589
205231
715360
726296
720683
505902
800180
479350
254303
443400
607144
785947
939430
893230
464069
730440
139327
289282
975405
506830
792941
851530
359000
894533
354300
423820
958736
480095
408077
117358
222003
562332
369586
798181
774369
270735
448682
139395
538182
916755
160794
446207
799786
559180
640468
288996
848980
903385
303630
770217
949570
840839
567914
452443
183838
419711
943471
796220
274643
858123
649308
389897
975380
608925
206847
527412
848207
565770
652597
612918
158358
988476
232915
607635
943631
110078
205239
246847
159082
412933
728502
462093
588927
633801
988828
776409
176886
165250
350251
618872
606034
907940
844831
217647
449340
980113
942273
630934
482692
314142
916472
489198
153384
534483
842765
234345
475747
643317
583411
251551
724151
701872
868491
560141
184168
412124
891618
770516
703938
261031
328615
828506
914504
535888
436858
605414
997128
183998
571458
349006
931833
303253
105730
351423
628003
296635
760452
329386
926864
208583
163600
291750
156812
688511
440642
724808
946830
772283
182681
627653
571826
436712
599732
665329
332270
261291
897457
962313
778128
837174
688406
227454
755644
844190
851224
140182
611539
304383
608949
992530
742305
602476
320421
605932
606155
286027
500991
377038
870913
863483
210031
926758
277951
223827
304977
254522
263376
256818
230091
740326
482974
361688
762656
389714
834765
592779
465898
962527
217347
976749
186997
606045
724352
510129
969485
743654
408163
284087
146792
535078
479820
644335
774971
240997
192799
389491
622815
123446
883109
977379
749770
289363
519869
836516
520422
529321
929646
368385
996123
677308
395393
235396
547232
605559
926459
566721
408237
698156
521340
882554
517719
100364
552747
442339
811320
749726
987183
462017
823403
739097
798332
920019
163295
947522
153147
920781
835311
613097
423202
536888
239327
604734
573521
714623
925502
455863
159674
782051
120239
568342
375354
395460
142458
615005
504279
181159
136269
475317
435398
880823
807255
553494
396249
261880
887673
785009
270644
491195
358950
211525
514639
835132
815040
129242
874677
868763
573224
643792
690616
709345
380339
808693
475808
269543
607716
227376
773250
262933
740639
917242
531349
116773
562130
498998
415031
240855
192004
133999
134118
772471
842432
273250
461962
938423
696988
840003
195302
109005
998061
312871
821055
462226
312985
808966
430220
798962
445483
902173
241757
207457
760141
991133
974615
414189
306138
102157
460936
271866
505095
105855
732756
121985
453878
402843
217714
484195
833286
759261
889560
382540
303606
663348
501406
246357
476170
121018
929318
901500
238423
762190
198669
432014
829263
640956
572680
480494
259644
914412
716512
966064
936644
624430
345632
360414
249939
329452
729519
513981
810806
591957
547745
853434
727907
648645
710342
556439
740343
192565
148254
178709
539465
627263
791970
588787
283296
405207
527002
146045
624798
321055
547168
818804
757184
669828
631251
528257
575637
297227
460080
596559
385724
935521
889429
852975
174296
565351
181556
416978
114288
697858
700057
327467
363541
419379
150612
693427
276133
380429
521450
116888
227096
674589
429465
942536
728669
334462
690248
857508
520348
177075
647571
357524
262641
376851
878203
986863
253476
400917
124340
762680
697740
778527
541237
954221
846688
355551
856250
603879
917988
125261
961838
220853
443951
211177
536301
319365
980540
864345
921668
838324
552224
180794
113334
173582
457964
296336
439332
358258
673791
378830
631728
733909
396087
305046
354341
206028
986713
967215
595437
994399
451741
398902
629443
647187
611624
161978
436709
835353
473733
525946
681745
237523
141234
367321
879279
157091
640259
488874
874463
890641
185142
226966
456532
152263
274047
597521
526474
335670
518831
963302
630721
649699
825013
348641
130638
232541
145885
146582
626277
327498
663018
381139
939686
569480
992385
278273
323310
626649
135343
162987
254385
929425
461190
146396
186528
515065
811168
925368
882971
593222
985333
443925
381511
272434
186295
179817
457617
737973
717167
789708
562010
917900
232506
427024
800512
117218
131696
323546
503803
152538
855194
426053
310974
454675
885451
772132
777527
836244
879960
883849
228305
400735
815838
614398
350205
380635
679088
830075
191407
857703
238007
403394
680429
548782
558310
867277
301929
450766
774514
367039
227250
446801
427599
353195
778408
737318
450512
105932
281502
841456
370026
306844
244721
422637
484600
709798
373347
295048
312796
925425
195127
340728
769406
343558
495231
791341
579126
864107
784989
757305
128037
154823
970360
629022
193131
728278
605419
259913
956558
248634
210018
990084
605584
557521
183983
862421
315545
159388
591410
163771
613542
662454
492792
114415
707801
977764
278468
738975
836491
649899
414692
394535
505849
639026
359062
759287
615108
555342
742128
532590
560955
410489
667957
608146
679996
421909
911126
672603
139226
596878
877287
433590
935163
802514
777864
443071
577186
481468
537174
583643
703548
602425
151384
369044
129621
737201
669999
794261
734448
308676
527406
780562
497458
541572
517347
607985
689228
812284
633731
729936
885491
947840
785921
842536
691281
482712
128593
500282
741023
520339
574807
227606
280882
289094
739720
455261
570657
322424
539672
145046
406471
420285
106900
743131
704169
530501
719681
205875
195544
414855
676170
745469
344618
633835
565447
785014
613487
581227
774178
842628
518035
940528
642908
468004
695087
334450
530515
423656
907876
247584
995718
646742
424394
945703
253584
757697
156009
688150
331023
537300
245240
218428
557203
545171
650547
753883
256950
939517
956294
227888
664590
590171
185707
116651
878869
547520
508856
582023
330222
698414
563139
652663
378085
110529
235542
511703
236872
567640
458075
541027
561181
669838
483003
438665
948656
145299
715274
592640
905625
642721
175379
118944
867789
643657
536380
145777
510627
964349
449112
649795
942167
197026
811320
959886
941510
454591
361168
180051
335295
557804
346146
440276
104781
933431
565647
655878
279787
961453
671447
189771
823691
833745
711813
541574
447428
474844
528823
364106
586895
184028
203398
418612
744396
705518
416589
286567
308034
607177
427421
552276
456312
921033
818782
504149
396851
896269
555268
841271
128726
322850
874350
715445
140917
296110
332113
386937
707547
738741
178801
349055
827340
829612
978576
589618
150947
298616
396735
691810
931845
204219
847375
929983
118939
846185
171482
838001
516127
740388
761019
888183
321453
846038
740106
301152
226604
347983
362327
877465
595423
767811
292968
317069
400379
481087
235185
438434
621627
709100
297295
785043
374756
759221
754570
139701
997009
964310
191924
858084
814220
500817
680720
998584
364485
239695
466611
303588
936987
243973
760158
233309
745165
726872
483703
620913
552717
539617
262147
269289
691470
335737
911361
512683
491583
104409
234501
311336
769890
461425
738436
852062
424224
809491
160481
999507
174498
133778
350340
293936
849616
693666
515000
243863
246629
928316
767985
621377
877898
324465
438589
139253
431581
374401
246940
434336
514693
594871
939578
458582
389094
326267
393023
766287
192737
785248
453325
863505
265630
931901
548991
843753
942278
694162
736390
529651
100381
649948
820011
801362
342534
692835
979149
444698
649860
587265
790212
703165
672903
201717
549526
813856
478997
766186
448472
599072
771178
226245
824939
239919
326600
777700
981085
770258
973893
351786
206964
285768
837257
238769
587474
422165
443428
186668
108780
183146
414922
446269
423574
726737
218368
101957
728503
177789
881299
973515
335711
929974
338847
838100
728721
293087
170997
925037
589146
631339
766420
503945
869868
974407
283766
954479
123653
559744
322316
127196
717934
197379
587872
696789
649558
914055
239925
748117
924847
153300
866238
399150
649063
928014
553404
542542
241740
377450
709017
511458
630024
886814
289178
961063
648309
242984
700610
510020
280052
578109
447369
478833
135440
469843
528195
541461
470485
230320
956939
927875
930859
334237
626136
692535
556471
656092
967520
906272
513456
120798
896908
557434
449580
982687
419329
375634
888663
773407
729967
924847
782898
405578
369265
662350
879471
288867
802338
911109
177881
542138
314172
125486
614586
209333
614841
647652
767837
896666
921082
536030
274888
916461
359983
491997
713246
584383
882918
983723
128125
804254
569288
585106
995779
636674
791690
726538
102327
412723
751867
885308
852748
559390
757003
752262
266160
762686
946649
155889
452268
554845
553649
372368
289554
121923
317148
804319
427385
726703
331364
385118
617258
583203
132900
150229
143300
616188
852180
260311
920647
248614
902273
786986
164065
175523
540483
705466
269550
804314
708138
662832
869998
536815
708346
753018
688020
889114
841318
234425
727279
261677
831685
249388
629640
268752
726280
851496
825707
878426
137134
547939
736478
433145
542769
743948
133267
201583
420355
456612
526077
896844
480392
681484
200854
387173
605422
111141
384748
120168
490553
729400
125810
229762
411177
997070
449684
771957
285031
427624
442558
553631
154877
682826
409935
291453
152359
619684
818349
946718
443751
613315
401587
306122
316985
235865
240500
723044
328178
619700
344768
512773
245685
446647
894275
923874
514989
167398
788334
714887
213639
516352
907093
868131
959459
145987
860402
190034
513408
840652
598993
181543
222109
486797
692854
572790
649657
937979
232127
593894
714561
584831
908712
797294
607160
461378
925736
216230
862437
152230
814355
273724
594949
481740
973368
946758
507548
342925
361081
372059
794447
961314
342252
678364
241880
475554
784108
860270
883093
630046
188815
582899
841150
375785
746953
676253
170222
418152
166056
848319
219763
530527
630369
889889
714446
791415
967619
202883
999112
952593
655973
926775
539089
137860
599792
466154
837793
456734
468363
836507
101171
701765
544322
823688
397808
857687
643882
301137
429064
136772
924499
385042
913899
605982
938735
327888
330014
842557
755177
118289
922473
347056
349302
596506
413548
174733
114935
850760
281137
741497
317977
316519
378984
671354
188665
448050
624226
150770
430468
320839
155855
297352
630526
800123
638194
576624
728901
945938
982439
229364
121587
118338
461951
381168
665996
277431
916706
976323
284005
744128
847924
198870
708670
210416
873272
528133
380096
295459
672003
439810
315696
325166
838450
600512
111943
201279
229254
355352
898309
207806
902780
825067
871320
235098
509492
711914
378112
466065
321127
648109
628514
748793
299998
903436
365581
178069
921734
815517
725051
184899
972945
744152
240564
784038
321355
954898
721345
983590
610249
317235
193409
694227
834662
328595
506483
974937
212155
359265
166754
890369
536834
374045
133709
606025
218671
781890
309096
484016
416170
481232
436260
680546
807681
501670
551163
578322
154008
929540
797535
706368
854127
395880
834975
952746
131170
121039
277071
986589
250962
787429
921428
450914
532720
512812
191077
642357
334143
749688
886587
450607
213094
771416
711013
912728
510025
326445
122406
600964
630488
787512
688718
899630
981505
387601
573047
973965
194653
319152
374131
138569
853615
995647
916486
778268
670769
484613
572300
590460
299934
923005
804392
496557
436766
870615
215550
308584
802956
454656
191919
476524
339870
547404
416384
269245
457444
544373
134917
585645
993693
195474
404791
166713
566595
985570
243208
462927
944727
716435
381695
873616
215812
533674
383214
669193
128640
202510
438477
273232
976452
748648
177315
418601
785849
276788
627808
688583
436411
280120
347358
881929
773728
242552
243049
522776
965998
474442
992312
460503
412215
717446
884051
925932
535256
345326
122810
362956
381426
182974
152850
724076
380696
933521
624275
813777
611395
367694
429594
948094
220423
628938
444661
538261
928357
754088
168944
205381
261104
896061
495205
128733
497959
102537
668175
695774
104947
591207
500950
472784
634071
175620
612786
689627
663016
855702
811595
136461
481621
536464
506384
876741
861565
439293
158305
118287
433074
646017
336044
521193
559421
985527
160169
731413
819200
432405
184369
441444
294254
623942
665510
380042
179046
232905
305304
912153
321482
287567
481611
709935
878608
792659
448959
118700
148793
412368
219856
562414
646524
672287
330680
624854
337041
145572
671630
857080
267273
405065
611179
201094
784141
448263
451834
721904
960418
914882
294577
746584
101191
343633
401066
529223
319782
887866
994227
817725
281922
625322
662606
133120
837949
223025
637301
134089
198578
347641
330121
300056
780269
717116
504652
499386
530122
959603
505596
915855
988346
290499
681859
381652
859557
777035
117857
791836
730966
498410
558994
529600
200670
750433
513571
151778
246900
149642
509684
794496
194124
153622
981704
824846
999763
744410
525282
110100
376841
798379
477298
228195
732696
922687
946344
604051
229537
337532
945746
593556
509593
410000
301400
131409
793768
791658
149117
492834
744495
406329
705110
163281
526371
331864
230177
577761
666327
506330
459762
192273
377558
823139
936737
594309
665315
503924
499090
621071
850626
412120
473383
990565
914385
598944
361037
425267
284764
484490
201016
693121
477994
988054
772251
870173
795274
963651
263026
914510
605789
733468
963344
798157
204484
364108
849558
851719
204027
652065
975292
897208
220989
369570
685383
102217
785054
294198
678791
329156
812037
452766
961113
377973
974377
790971
267902
266632
189755
254570
979679
863108
552993
200283
117128
666344
523911
823370
528108
501923
448803
730153
415958
569618
978429
278751
111859
336800
404239
652294
914153
640007
100378
522146
635898
283951
217824
412718
430377
996283
236672
232741
795395
342963
512866
515865
820491
906986
651982
849076
883015
507083
502567
280835
739011
909718
409856
190293
235771
956497
740126
298506
895423
877365
212230
130923
470644
254469
801862
918637
532302
845340
583039
852540
968560
324531
843511
276623
654356
869439
411969
151675
974794
265046
503756
353708
783238
961484
433706
798915
430262
463430
181482
935923
994563
139016
930893
584729
295549
515571
418733
341179
694873
719234
256998
553676
822715
812695
359367
409055
648025
640727
897197
383346
451900
737106
228700
223892
572778
382981
701639
171129
224590
196412
219790
827859
352674
281191
733838
162366
545156
777866
141234
692183
642675
290917
551592
960881
756015
746663
123550
207256
327075
845706
475819
218339
155722
705971
685054
441561
831458
876497
657377
631035
151481
800539
202707
308780
381128
925697
290436
627044
217332
795796
615026
436435
416933
365490
438117
635330
824764
684049
467326
130786
929659
997213
408559
294357
189539
657650
667232
979271
537396
810484
178659
174787
408506
879475
343939
758396
456983
975739
479828
510805
734873
801357
202105
974740
606649
230615
920350
589588
135363
244587
921107
635263
657112
601383
919694
987681
497601
328195
776648
162278
120623
964929
291688
647689
443135
865645
242206
208893
199989
780703
366866
642895
770350
233844
303621
711958
367910
903446
865004
921594
726169
377977
221838
943108
841651
811271
720849
448601
787838
429170
624822
787763
651772
683371
524220
915726
972130
259639
335909
583157
220702
731354
720388
520059
225930
641384
198981
562498
867878
965710
330302
335879
913482
339457
995546
359954
175171
365314
306015
730322
793391
528088
636514
156860
297777
886107
768912
218995
866813
867460
974865
969218
597149
144397
355564
919810
584723
541269
704899
728821
273058
930641
262171
966521
674903
746083
974721
830739
590623
645672
345484
689648
964618
470099
674075
187554
377379
238499
553941
571559
923000
826294
728670
660530
567518
432501
553200
353570
356711
796223
556807
454568
346273
198660
107477
593556
184299
616063
633856
920674
567768
195369
520008
355296
938161
201652
230462
831610
821578
448044
569258
388501
130759
443169
275613
803508
739603
681589
794569
831961
712407
277601
423418
532479
205386
201781
990005
130457
598638
349634
845558
638746
428140
427713
770265
240657
380779
510896
113074
448117
113581
628453
524024
455522
643567
943322
658539
203503
459408
552637
685499
515325
231844
307865
804257
991256
104892
422361
453402
254274
278615
918664
435783
654784
416690
684707
866959
549002
654052
259793
360501
298507
659554
135968
487959
327392
885748
341869
705462
135100
337608
556784
847180
262007
990752
722800
134878
727121
514942
991499
423793
922922
147286
792956
788483
509267
528273
562630
544031
384879
110381
636016
815579
955906
393359
856437
199819
620670
835705
805753
914347
114553
783159
919863
710391
273406
862535
966973
279714
543816
753868
609988
513618
674510
171741
890481
186595
769059
616836
780780
380791
210821
775213
479108
860512
169540
787797
827857
796293
625157
288081
793876
811027
317655
568824
291036
846240
933953
528721
230442
899880
896398
727327
819328
854938
777915
417345
619866
518117
442736
619930
527382
460581
575401
426037
862289
993508
484276
719772
543325
267632
757972
808570
126863
352308
947708
860932
599834
925998
486980
868306
685196
499816
244294
665404
142141
884182
460563
329373
409298
460668
324530
932651
593701
818430
833313
619105
926877
496952
529730
228789
768493
883504
100546
348111
344859
355486
492941
941678
613142
308719
412963
185852
120399
147109
240641
729268
105639
576896
909131
852950
209856
555433
890274
312225
396943
356602
831323
177914
844065
321661
452492
757330
728503
584052
221746
914786
122855
211607
129842
151250
627165
118947
266284
640960
956216
904119
214237
491372
812523
618632
594661
514469
165776
930902
917063
613712
256452
390010
768750
720384
804979
409318
814149
190005
467965
482916
745064
530522
800768
423471
981567
881274
713455
842442
788140
988926
171847
362617
713582
736080
711716
619105
881181
670306
599860
852119
523129
271582
840521
357501
544803
803566
623413
272703
930941
197104
988850
371194
974838
578413
197677
685143
333361
274711
744258
186109
836514
126685
835997
435883
487120
601694
370034
685508
866881
194168
207189
374421
981261
194470
299631
786831
205380
201627
467191
321867
632646
505614
407586
357079
401031
275039
911425
413844
885807
984547
606630
360949
355325
234542
117606
556032
241696
208902
785871
750913
715592
618767
683786
432925
292063
991425
500279
692775
272916
945727
445753
561695
934251
681379
968314
223732
975152
518041
663093
590072
373581
175100
916694
497182
330421
549152
265213
381986
149512
615860
695558
718815
709076
788625
661342
920571
120733
530535
300019
840152
865983
789517
549439
745433
963090
805495
635236
909567
907968
784476
100020
275972
106552
347051
454346
431366
718793
258262
915079
359634
382251
101916
285788
743321
370011
440786
883054
724593
526822
747202
246111
838154
283148
519094
776968
355500
691385
849604
930424
361210
878409
316335
661221
655317
825237
430931
504149
980430
932677
492003
271431
219039
177213
755745
129554
600987
290199
201440
266129
573464
262583
903961
684365
344606
373832
165415
447408
602622
734452
287266
465171
699661
869109
532508
813752
695764
304411
660277
369361
304122
789283
238482
333178
281608
534371
773346
738348
269812
433404
971556
710920
669648
441207
981408
385551
481437
972546
631209
298116
603260
641859
269733
981123
764992
685747
636082
911419
794929
664816
108943
430324
244260
196951
637228
162183
680295
495805
790194
741813
329750
941727
223146
689900
748766
897401
609975
242708
397612
865011
919710
247009
918574
441869
306042
818358
940783
426760
608809
672674
574249
506684
369555
109283
647495
924393
476445
877277
862290
363643
790583
588480
948505
671064
621820
807064
829690
426773
585895
944846
417107
837141
612519
666410
235782
552477
115181
131638
368358
904673
150239
797014
789159
648214
871613
299683
946420
651925
598395
352125
169976
340705
635874
246508
995692
548145
140046
932877
422585
299110
958083
956557
618912
420621
171931
283978
524563
207189
806811
907075
802672
165613
295775
338036
981182
408398
894697
488800
126037
136238
603296
157459
446728
833480
377202
238344
673097
858985
486101
892539
935032
653297
512511
411253
973326
342535
471269
979467
158219
630687
653845
819091
225405
728685
537915
613491
949039
215255
612892
454818
411075
650476
158124
956681
625661
168519
681320
818033
946760
527405
986007
550766
991904
938869
244524
501896
161868
288721
207922
708782
356749
999317
399652
774254
394320
548287
131184
844954
753792
676147
739956
522634
643176
207680
598854
943164
178474
477131
259276
881591
440141
644826
865631
769239
464975
877085
121695
410765
521495
267124
206337
671125
245407
145166
628076
424597
833752
372747
796250
534448
555479
769398
704391
231968
995989
925958
862542
816887
492972
175053
233946
625759
395959
345468
313194
558163
402231
177424
314531
828232
960665
641900
498277
912529
546146
253478
694030
262659
567754
462993
926920
695673
486451
448573
430336
452450
881690
739461
292205
338051
826038
274335
694866
251722
250302
581932
293606
115514
437164
141241
609027
847391
544929
233821
101618
377953
199672
146887
424302
489918
519314
664969
127310
780575
628444
429186
707917
238211
214740
837737
205045
695208
227669
200207
259674
992524
669359
207636
252027
584282
555525
559439
761045
180921
170000
818592
427893
271141
398936
967696
776852
633562
704613
384388
894147
479461
613787
796958
254661
120947
669413
432166
510606
909702
956005
295397
865633
441684
977804
102536
153649
586359
562816
509515
141156
528285
295730
209252
555044
200600
338377
957680
608641
935187
896146
467635
753668
781052
110955
361138
670726
318230
445329
111978
559365
778403
529412
338576
805685
346788
677547
178948
855202
797561
768362
112061
224263
738860
891122
501273
142108
436199
366013
862830
566804
166054
979280
991211
557901
263796
677927
749422
565040
687825
370876
393346
879000
295747
110564
944404
658811
332410
590913
259823
427326
393849
958995
831980
761639
635456
834858
791729
781473
543268
675050
230011
289695
780131
835190
623271
466022
976783
594488
759666
764552
165090
207657
596650
383815
176778
198313
800973
691080
929074
225039
976997
201472
921135
309142
787753
519055
661388
952283
829184
377476
258498
637484
963698
880445
576987
413728
267388
107666
279523
282942
491395
908996
446772
535637
929410
916186
706760
365296
541035
769623
303312
427777
831751
648922
407281
267182
854865
939638
128807
599324
670301
515541
551910
174609
749509
494608
506991
870008
954423
730320
927951
938924
661554
777612
816683
621881
776373
270843
303934
381214
356568
646264
684241
693803
378904
550729
202958
980657
115474
886585
641168
760509
660771
836361
711859
764651
247495
353311
127401
981004
840867
374752
312059
440609
161910
817900
198729
220434
797760
649659
711111
730490
274443
864402
596996
630750
902434
292861
110589
279997
480845
649554
622495
188210
747459
589978
212741
477238
738691
157456
718845
179331
606869
535752
979509
142590
173894
397551
161939
868368
379150
870956
563391
350171
260605
280318
745413
356210
867451
216052
593207
170796
100815
531846
875747
919045
473182
244335
390107
712200
746013
269931
872894
304207
513011
909429
912507
739448
701777
260122
596619
607943
568773
680259
608955
814505
390877
170455
197726
366615
108784
633981
804368
792433
738605
854701
777148
880940
312972
883172
975322
835442
788046
674479
198113
604822
254849
195741
536879
611718
947725
235390
549431
896797
583859
731972
793998
368572
877122
817015
749932
349366
353853
380632
863018
951208
813390
723403
877614
386133
658433
210692
322209
873740
479349
768499
389593
388155
435389
403887
823238
615828
781860
362458
942121
785233
654596
492227
413512
100968
392496
806987
202150
356232
411509
313776
654652
556482
468735
559815
835172
492242
229198
830113
663881
237157
957722
601688
514298
443825
382310
961723
509976
509706
713357
537723
445327
173730
639738
758810
837872
416912
798290
931901
470742
176724
463306
759694
725489
658439
634882
203567
514981
984994
108352
268213
616896
490533
960801
664482
749311
231917
634628
891527
908260
480395
974910
442320
738968
373004
667930
301803
143843
469542
715903
983379
115997
252507
786685
281738
252150
859858
323903
990349
380199
199068
713250
967060
570091
119315
614889
930430
148459
688222
557487
534429
949361
956834
951617
471026
854795
361169
286841
404869
857580
544058
856865
265092
611501
646805
323508
669915
980004
482721
276337
265899
388856
185922
162238
233197
905851
831933
582900
710591
469420
570659
500939
868314
397965
578627
994215
411759
266709
603970
102262
683569
423993
223649
880291
664156
295476
570216
532126
536054
687538
949550
397309
217596
794578
391280
839670
934343
833122
220029
793169
787205
991059
883373
729987
183424
138666
569595
241963
496915
654603
765501
459903
756711
327151
160801
733607
878345
621753
453957
213058
263941
577901
208389
140909
539819
639342
417974
143358
434346
284602
323058
540110
968554
916322
942473
482801
121518
738165
735288
645732
948654
303797
760932
720094
687504
597020
136453
644048
886235
590833
590157
791972
879567
484548
376660
898248
150713
765160
315464
192194
922335
181495
173031
127857
959705
775364
529089
399115
486767
917433
180345
692189
537084
496485
807836
717986
934883
261638
166836
223222
241226
370929
247219
274049
569356
223844
189263
914285
396381
124270
396078
212975
402993
163801
292149
366390
940659
388622
898961
685053
260368
600076
505536
442174
465833
191983
776802
248559
130610
387376
616879
784173
687683
201627
248710
609848
863476
342641
691920
506024
689846
778719
401819
969843
401392
422588
299017
949881
345282
136935
984422
379135
727077
338925
890583
206415
265774
414980
510776
363366
970207
734042
409637
303496
582314
524425
299129
506955
970669
279383
271757
852929
135021
976796
331439
160112
139592
322031
806845
212267
373299
776038
827725
368873
627614
265453
566777
289799
543006
660854
161114
884890
958088
650700
603535
425328
328608
934020
420991
974222
999851
720835
757297
953396
630199
565755
774484
447338
589529
797315
858837
986104
566219
324174
425846
300643
525162
758403
197535
640486
860967
412581
896895
946503
330177
647608
938635
325377
535549
696769
365165
497969
960253
126510
843979
255863
691259
934202
445930
549756
970886
561724
108934
666507
595408
239186
744325
869435
242192
876979
373758
250440
738813
455688
244202
676996
438629
242584
799312
933199
256477
315876
942507
692892
221778
417801
141382
996555
438493
917563
531219
257762
336716
915396
837368
192555
611986
976147
773681
625454
376178
416078
909254
578462
863689
723593
593572
243227
284389
577196
497042
893845
632639
833961
497803
323755
817383
438189
527374
157624
199521
460409
463959
901639
132388
384401
490139
390593
870456
259935
478706
264157
528523
285702
764295
129815
910125
627915
153520
132304
457579
332660
888336
405162
316230
283701
805050
762983
373748
678664
469820
339427
708748
967364
431454
342875
902529
104683
802468
746122
862162
585681
881314
699822
480777
349512
384541
830360
127870
220164
915371
